1.195000000000000000e+03 8.861500769853591919e-03
1.205000000000000000e+03 6.944999843835830688e-02
1.215000000000000000e+03 6.080998778343200684e-01
1.225000000000000000e+03 1.437000036239624023e-01
1.235000000000000000e+03 6.269500125199556351e-03
1.245000000000000000e+03 4.075500182807445526e-03
1.255000000000000000e+03 3.378000110387802124e-03
1.265000000000000000e+03 4.162500146776437759e-03
1.275000000000000000e+03 2.414999995380640030e-03
1.285000000000000000e+03 1.954500097781419754e-03
1.295000000000000000e+03 4.668000154197216034e-03
1.305000000000000000e+03 1.381000038236379623e-02
1.315000000000000000e+03 4.480999894440174103e-03
1.325000000000000000e+03 4.649499896913766861e-03
1.335000000000000000e+03 1.930500008165836334e-02
1.345000000000000000e+03 5.063000135123729706e-03
1.355000000000000000e+03 4.196499940007925034e-03
1.365000000000000000e+03 3.432499943301081657e-03
1.375000000000000000e+03 3.225999884307384491e-03
1.385000000000000000e+03 4.494499880820512772e-03
1.395000000000000000e+03 8.898999541997909546e-03
1.405000000000000000e+03 6.819500122219324112e-03
1.415000000000000000e+03 4.612499848008155823e-03
1.425000000000000000e+03 5.121000111103057861e-03
1.435000000000000000e+03 5.578999873250722885e-03
1.445000000000000000e+03 5.570500157773494720e-03
1.455000000000000000e+03 6.039499770849943161e-03
1.465000000000000000e+03 7.693499792367219925e-03
1.475000000000000000e+03 9.194499813020229340e-03
1.485000000000000000e+03 8.851000107824802399e-03
1.495000000000000000e+03 8.617000654339790344e-03
1.505000000000000000e+03 9.397000074386596680e-03
1.515000000000000000e+03 1.000650040805339813e-02
1.525000000000000000e+03 1.268499996513128281e-02
1.535000000000000000e+03 1.412499975413084030e-02
1.545000000000000000e+03 2.262499928474426270e-02
1.555000000000000000e+03 2.343500033020973206e-02
1.565000000000000000e+03 1.981999911367893219e-02
1.575000000000000000e+03 1.843499951064586639e-02
1.585000000000000000e+03 1.794500090181827545e-02
1.595000000000000000e+03 1.871000044047832489e-02
1.605000000000000000e+03 2.070000022649765015e-02
1.615000000000000000e+03 2.381500042974948883e-02
1.625000000000000000e+03 2.703000046312808990e-02
1.635000000000000000e+03 3.087499924004077911e-02
1.645000000000000000e+03 3.214500099420547485e-02
1.655000000000000000e+03 4.616000130772590637e-02
1.665000000000000000e+03 4.273999854922294617e-02
1.675000000000000000e+03 4.141499847173690796e-02
1.685000000000000000e+03 4.840499907732009888e-02
1.695000000000000000e+03 6.238999962806701660e-02
1.705000000000000000e+03 7.017499953508377075e-02
1.715000000000000000e+03 7.330500334501266479e-02
1.725000000000000000e+03 7.720000296831130981e-02
1.735000000000000000e+03 8.125499635934829712e-02
1.745000000000000000e+03 9.635499864816665649e-02
1.755000000000000000e+03 1.146999970078468323e-01
1.765000000000000000e+03 1.298999935388565063e-01
1.775000000000000000e+03 1.497000008821487427e-01
1.785000000000000000e+03 1.645999997854232788e-01
1.795000000000000000e+03 1.685000061988830566e-01
1.805000000000000000e+03 1.960500031709671021e-01
1.815000000000000000e+03 2.398999929428100586e-01
1.825000000000000000e+03 2.396499961614608765e-01
1.835000000000000000e+03 2.391999959945678711e-01
1.845000000000000000e+03 2.193499952554702759e-01
1.855000000000000000e+03 2.453500032424926758e-01
1.865000000000000000e+03 2.870000004768371582e-01
1.875000000000000000e+03 3.197999894618988037e-01
1.885000000000000000e+03 3.494499921798706055e-01
1.895000000000000000e+03 3.793500065803527832e-01
1.905000000000000000e+03 3.992500007152557373e-01
1.915000000000000000e+03 4.422000050544738770e-01
1.925000000000000000e+03 4.377500116825103760e-01
1.935000000000000000e+03 4.032000005245208740e-01
1.945000000000000000e+03 5.530999898910522461e-01
1.955000000000000000e+03 5.768499970436096191e-01
1.965000000000000000e+03 6.370499730110168457e-01
1.975000000000000000e+03 6.571499705314636230e-01
1.985000000000000000e+03 6.555500030517578125e-01
1.995000000000000000e+03 7.052000164985656738e-01
2.005000000000000000e+03 7.756500244140625000e-01
2.015000000000000000e+03 8.497499823570251465e-01
2.025000000000000000e+03 8.730999827384948730e-01
2.035000000000000000e+03 9.743000268936157227e-01
2.045000000000000000e+03 1.083500027656555176e+00
2.055000000000000000e+03 1.116000056266784668e+00
2.065000000000000000e+03 1.172000050544738770e+00
2.075000000000000000e+03 1.340999960899353027e+00
2.085000000000000000e+03 1.585000038146972656e+00
2.095000000000000000e+03 2.233000040054321289e+00
2.105000000000000000e+03 2.916500091552734375e+00
2.115000000000000000e+03 3.500999927520751953e+00
2.125000000000000000e+03 3.270499944686889648e+00
2.135000000000000000e+03 3.446500062942504883e+00
2.145000000000000000e+03 4.172500133514404297e+00
2.155000000000000000e+03 3.771500110626220703e+00
2.165000000000000000e+03 3.363500118255615234e+00
2.175000000000000000e+03 3.666500091552734375e+00
2.185000000000000000e+03 4.621500015258789062e+00
2.195000000000000000e+03 4.888999938964843750e+00
2.205000000000000000e+03 4.933000087738037109e+00
2.215000000000000000e+03 4.119500160217285156e+00
2.225000000000000000e+03 5.157001018524169922e+00
2.235000000000000000e+03 6.540500164031982422e+00
2.245000000000000000e+03 6.125500202178955078e+00
2.255000000000000000e+03 5.445000171661376953e+00
2.265000000000000000e+03 4.110000133514404297e+00
2.275000000000000000e+03 4.133999824523925781e+00
2.285000000000000000e+03 5.396500110626220703e+00
2.295000000000000000e+03 4.954999923706054688e+00
2.305000000000000000e+03 5.415999889373779297e+00
2.315000000000000000e+03 5.295499801635742188e+00
2.325000000000000000e+03 5.527500152587890625e+00
2.335000000000000000e+03 4.663499832153320312e+00
2.345000000000000000e+03 4.055500030517578125e+00
2.355000000000000000e+03 5.335000038146972656e+00
2.365000000000000000e+03 5.054999828338623047e+00
2.375000000000000000e+03 5.040999889373779297e+00
2.385000000000000000e+03 4.361000061035156250e+00
2.395000000000000000e+03 4.593999862670898438e+00
2.405000000000000000e+03 4.109499931335449219e+00
2.415000000000000000e+03 5.326499938964843750e+00
2.425000000000000000e+03 7.324500083923339844e+00
2.435000000000000000e+03 6.905499935150146484e+00
2.445000000000000000e+03 6.340000152587890625e+00
2.455000000000000000e+03 5.146500110626220703e+00
2.465000000000000000e+03 5.244999885559082031e+00
2.475000000000000000e+03 5.770500183105468750e+00
2.485000000000000000e+03 4.748499870300292969e+00
2.495000000000000000e+03 5.859000205993652344e+00
2.505000000000000000e+03 6.266499996185302734e+00
2.515000000000000000e+03 4.806499958038330078e+00
2.525000000000000000e+03 4.318500041961669922e+00
2.535000000000000000e+03 5.361499786376953125e+00
2.545000000000000000e+03 6.196000099182128906e+00
2.555000000000000000e+03 8.223999977111816406e+00
2.565000000000000000e+03 1.055000019073486328e+01
2.575000000000000000e+03 1.301000022888183594e+01
2.585000000000000000e+03 1.297999954223632812e+01
2.595000000000000000e+03 1.085000038146972656e+01
2.605000000000000000e+03 8.915499687194824219e+00
2.615000000000000000e+03 9.304499626159667969e+00
2.625000000000000000e+03 1.080000019073486328e+01
2.635000000000000000e+03 1.695499992370605469e+01
2.645000000000000000e+03 2.590999984741210938e+01
2.655000000000000000e+03 2.625499916076660156e+01
2.665000000000000000e+03 2.589500045776367188e+01
2.675000000000000000e+03 2.605999946594238281e+01
2.685000000000000000e+03 2.533499908447265625e+01
2.695000000000000000e+03 2.480999946594238281e+01
2.705000000000000000e+03 2.776000022888183594e+01
2.715000000000000000e+03 2.329500007629394531e+01
2.725000000000000000e+03 2.048500061035156250e+01
2.735000000000000000e+03 2.053499984741210938e+01
2.745000000000000000e+03 1.381499958038330078e+01
2.755000000000000000e+03 1.815500068664550781e+01
2.765000000000000000e+03 2.520499992370605469e+01
2.775000000000000000e+03 2.432999992370605469e+01
2.785000000000000000e+03 1.654000091552734375e+01
2.795000000000000000e+03 9.058500289916992188e+00
2.805000000000000000e+03 9.978500366210937500e+00
2.815000000000000000e+03 2.169000053405761719e+01
2.825000000000000000e+03 3.047500038146972656e+01
2.835000000000000000e+03 3.252999877929687500e+01
2.845000000000000000e+03 2.447500038146972656e+01
2.855000000000000000e+03 1.695999908447265625e+01
2.865000000000000000e+03 3.334000015258789062e+01
2.875000000000000000e+03 3.479000091552734375e+01
2.885000000000000000e+03 3.329000091552734375e+01
2.895000000000000000e+03 4.891999816894531250e+01
2.905000000000000000e+03 6.225500106811523438e+01
2.915000000000000000e+03 6.018000030517578125e+01
2.925000000000000000e+03 5.395000076293945312e+01
2.935000000000000000e+03 5.545000076293945312e+01
2.945000000000000000e+03 5.268000030517578125e+01
2.955000000000000000e+03 5.711500167846679688e+01
2.965000000000000000e+03 5.258000183105468750e+01
2.975000000000000000e+03 5.246500015258789062e+01
2.985000000000000000e+03 4.820000076293945312e+01
2.995000000000000000e+03 5.015499877929687500e+01
3.005000000000000000e+03 4.361500167846679688e+01
3.015000000000000000e+03 4.727500152587890625e+01
3.025000000000000000e+03 5.068999862670898438e+01
3.035000000000000000e+03 6.445500183105468750e+01
3.045000000000000000e+03 6.254999923706054688e+01
3.055000000000000000e+03 6.167499923706054688e+01
3.065000000000000000e+03 5.770500183105468750e+01
3.075000000000000000e+03 6.384999847412109375e+01
3.085000000000000000e+03 6.350999832153320312e+01
3.095000000000000000e+03 5.164500045776367188e+01
3.105000000000000000e+03 6.481999969482421875e+01
3.115000000000000000e+03 7.563999938964843750e+01
3.125000000000000000e+03 6.808000183105468750e+01
3.135000000000000000e+03 7.258000183105468750e+01
3.145000000000000000e+03 6.881500244140625000e+01
3.155000000000000000e+03 6.568499755859375000e+01
3.165000000000000000e+03 6.560001373291015625e+01
3.175000000000000000e+03 8.025000000000000000e+01
3.185000000000000000e+03 6.903500366210937500e+01
3.195000000000000000e+03 7.386000061035156250e+01
3.205000000000000000e+03 8.348999786376953125e+01
3.215000000000000000e+03 7.259500122070312500e+01
3.225000000000000000e+03 7.144999694824218750e+01
3.235000000000000000e+03 6.862500000000000000e+01
3.245000000000000000e+03 7.895999145507812500e+01
3.255000000000000000e+03 9.098999786376953125e+01
3.265000000000000000e+03 1.015500030517578125e+02
3.275000000000000000e+03 9.883000183105468750e+01
3.285000000000000000e+03 9.521000671386718750e+01
3.295000000000000000e+03 1.100000000000000000e+02
3.305000000000000000e+03 1.053499984741210938e+02
3.315000000000000000e+03 1.001350021362304688e+02
3.325000000000000000e+03 9.906999969482421875e+01
3.335000000000000000e+03 9.548999786376953125e+01
3.345000000000000000e+03 9.938999938964843750e+01
3.355000000000000000e+03 9.775499725341796875e+01
3.365000000000000000e+03 8.396000671386718750e+01
3.375000000000000000e+03 8.736000061035156250e+01
3.385000000000000000e+03 9.560001373291015625e+01
3.395000000000000000e+03 9.944499969482421875e+01
3.405000000000000000e+03 1.043000030517578125e+02
3.415000000000000000e+03 9.584999847412109375e+01
3.425000000000000000e+03 1.030500030517578125e+02
3.435000000000000000e+03 9.870500183105468750e+01
3.445000000000000000e+03 8.269000244140625000e+01
3.455000000000000000e+03 9.734999847412109375e+01
3.465000000000000000e+03 9.607499694824218750e+01
3.475000000000000000e+03 9.351999664306640625e+01
3.485000000000000000e+03 9.314998626708984375e+01
3.495000000000000000e+03 9.243000793457031250e+01
3.505000000000000000e+03 1.087500000000000000e+02
3.515000000000000000e+03 1.016500015258789062e+02
3.525000000000000000e+03 9.424001312255859375e+01
3.535000000000000000e+03 1.071500015258789062e+02
3.545000000000000000e+03 1.150500030517578125e+02
3.555000000000000000e+03 1.084000015258789062e+02
3.565000000000000000e+03 9.426999664306640625e+01
3.575000000000000000e+03 8.259500122070312500e+01
3.585000000000000000e+03 7.211000061035156250e+01
3.595000000000000000e+03 1.030500030517578125e+02
3.605000000000000000e+03 1.005000000000000000e+02
3.615000000000000000e+03 9.119499206542968750e+01
3.625000000000000000e+03 1.035500030517578125e+02
3.635000000000000000e+03 1.034000015258789062e+02
3.645000000000000000e+03 1.050999984741210938e+02
3.655000000000000000e+03 1.196500015258789062e+02
3.665000000000000000e+03 1.279000015258789062e+02
3.675000000000000000e+03 1.225500030517578125e+02
3.685000000000000000e+03 1.143499984741210938e+02
3.695000000000000000e+03 1.275000000000000000e+02
3.705000000000000000e+03 1.185500030517578125e+02
3.715000000000000000e+03 1.220000000000000000e+02
3.725000000000000000e+03 1.096500015258789062e+02
3.735000000000000000e+03 9.574500274658203125e+01
3.745000000000000000e+03 9.368499755859375000e+01
3.755000000000000000e+03 1.103000030517578125e+02
3.765000000000000000e+03 1.128000030517578125e+02
3.775000000000000000e+03 1.330500030517578125e+02
3.785000000000000000e+03 1.375500030517578125e+02
3.795000000000000000e+03 1.107500000000000000e+02
3.805000000000000000e+03 1.245500030517578125e+02
3.815000000000000000e+03 1.118499984741210938e+02
3.825000000000000000e+03 8.194999694824218750e+01
3.835000000000000000e+03 7.109500122070312500e+01
3.845000000000000000e+03 9.931999969482421875e+01
3.855000000000000000e+03 1.045500030517578125e+02
3.865000000000000000e+03 1.043000030517578125e+02
3.875000000000000000e+03 1.039000015258789062e+02
3.885000000000000000e+03 1.019499969482421875e+02
3.895000000000000000e+03 1.214499969482421875e+02
3.905000000000000000e+03 1.289499969482421875e+02
3.915000000000000000e+03 1.387500000000000000e+02
3.925000000000000000e+03 1.056999969482421875e+02
3.935000000000000000e+03 6.045500183105468750e+01
3.945000000000000000e+03 1.063000030517578125e+02
3.955000000000000000e+03 1.360500030517578125e+02
3.965000000000000000e+03 8.840499877929687500e+01
3.975000000000000000e+03 9.587999725341796875e+01
3.985000000000000000e+03 1.576499938964843750e+02
3.995000000000000000e+03 1.722500000000000000e+02
4.005000000000000000e+03 1.741999969482421875e+02
4.015000000000000000e+03 1.811999969482421875e+02
4.025000000000000000e+03 1.825500030517578125e+02
4.035000000000000000e+03 1.749499969482421875e+02
4.045000000000000000e+03 1.738000030517578125e+02
4.055000000000000000e+03 1.731499938964843750e+02
4.065000000000000000e+03 1.651000061035156250e+02
4.075000000000000000e+03 1.688000030517578125e+02
4.085000000000000000e+03 1.799499969482421875e+02
4.095000000000000000e+03 1.776000061035156250e+02
4.105000000000000000e+03 1.503999938964843750e+02
4.115000000000000000e+03 1.821999969482421875e+02
4.125000000000000000e+03 1.793999938964843750e+02
4.135000000000000000e+03 1.760000000000000000e+02
4.145000000000000000e+03 1.741000061035156250e+02
4.155000000000000000e+03 1.738000030517578125e+02
4.165000000000000000e+03 1.846999969482421875e+02
4.175000000000000000e+03 1.668999938964843750e+02
4.185000000000000000e+03 1.688000030517578125e+02
4.195000000000000000e+03 1.705000000000000000e+02
4.205000000000000000e+03 1.761999969482421875e+02
4.215000000000000000e+03 1.801999969482421875e+02
4.225000000000000000e+03 1.586000061035156250e+02
4.235000000000000000e+03 1.715000000000000000e+02
4.245000000000000000e+03 1.771999969482421875e+02
4.255000000000000000e+03 1.698999938964843750e+02
4.265000000000000000e+03 1.701999969482421875e+02
4.275000000000000000e+03 1.573000030517578125e+02
4.285000000000000000e+03 1.591000061035156250e+02
4.295000000000000000e+03 1.478999938964843750e+02
4.305000000000000000e+03 1.138000030517578125e+02
4.315000000000000000e+03 1.690000000000000000e+02
4.325000000000000000e+03 1.650000000000000000e+02
4.335000000000000000e+03 1.735000000000000000e+02
4.345000000000000000e+03 1.673999938964843750e+02
4.355000000000000000e+03 1.726999969482421875e+02
4.365000000000000000e+03 1.933999938964843750e+02
4.375000000000000000e+03 1.811000061035156250e+02
4.385000000000000000e+03 1.571000061035156250e+02
4.395000000000000000e+03 1.830000000000000000e+02
4.405000000000000000e+03 1.716999969482421875e+02
4.415000000000000000e+03 1.936000061035156250e+02
4.425000000000000000e+03 1.985000000000000000e+02
4.435000000000000000e+03 1.913999938964843750e+02
4.445000000000000000e+03 1.978000030517578125e+02
4.455000000000000000e+03 1.826000061035156250e+02
4.465000000000000000e+03 1.896000061035156250e+02
4.475000000000000000e+03 2.081999969482421875e+02
4.485000000000000000e+03 1.978000030517578125e+02
4.495000000000000000e+03 2.031999969482421875e+02
4.505000000000000000e+03 2.148999938964843750e+02
4.515000000000000000e+03 2.113999938964843750e+02
4.525000000000000000e+03 1.946000061035156250e+02
4.535000000000000000e+03 1.975000000000000000e+02
4.545000000000000000e+03 1.983999938964843750e+02
4.555000000000000000e+03 2.038999938964843750e+02
4.565000000000000000e+03 2.081999969482421875e+02
4.575000000000000000e+03 2.105000000000000000e+02
4.585000000000000000e+03 1.976000061035156250e+02
4.595000000000000000e+03 2.013999938964843750e+02
4.605000000000000000e+03 2.045000000000000000e+02
4.615000000000000000e+03 2.060000000000000000e+02
4.625000000000000000e+03 2.108999938964843750e+02
4.635000000000000000e+03 2.045000000000000000e+02
4.645000000000000000e+03 1.981000061035156250e+02
4.655000000000000000e+03 2.046999969482421875e+02
4.665000000000000000e+03 1.926000061035156250e+02
4.675000000000000000e+03 2.020000000000000000e+02
4.685000000000000000e+03 1.998999938964843750e+02
4.695000000000000000e+03 1.995000000000000000e+02
4.705000000000000000e+03 1.881999969482421875e+02
4.715000000000000000e+03 2.023000030517578125e+02
4.725000000000000000e+03 2.046000061035156250e+02
4.735000000000000000e+03 1.996000061035156250e+02
4.745000000000000000e+03 2.056000061035156250e+02
4.755000000000000000e+03 2.021000061035156250e+02
4.765000000000000000e+03 1.961000061035156250e+02
4.775000000000000000e+03 2.080000000000000000e+02
4.785000000000000000e+03 2.013999938964843750e+02
4.795000000000000000e+03 2.081000061035156250e+02
4.805000000000000000e+03 2.040000000000000000e+02
4.815000000000000000e+03 2.095000000000000000e+02
4.825000000000000000e+03 2.028000030517578125e+02
4.835000000000000000e+03 2.023999938964843750e+02
4.845000000000000000e+03 1.973999938964843750e+02
4.855000000000000000e+03 1.835000000000000000e+02
4.865000000000000000e+03 1.628999938964843750e+02
4.875000000000000000e+03 1.835000000000000000e+02
4.885000000000000000e+03 1.918999938964843750e+02
4.895000000000000000e+03 1.965000000000000000e+02
4.905000000000000000e+03 2.011999969482421875e+02
4.915000000000000000e+03 1.901000061035156250e+02
4.925000000000000000e+03 1.901000061035156250e+02
4.935000000000000000e+03 1.893000030517578125e+02
4.945000000000000000e+03 2.063000030517578125e+02
4.955000000000000000e+03 1.931000061035156250e+02
4.965000000000000000e+03 2.021999969482421875e+02
4.975000000000000000e+03 2.023000030517578125e+02
4.985000000000000000e+03 1.871000061035156250e+02
4.995000000000000000e+03 1.975000000000000000e+02
5.005000000000000000e+03 1.861999969482421875e+02
5.015000000000000000e+03 1.816999969482421875e+02
5.025000000000000000e+03 1.898999938964843750e+02
5.035000000000000000e+03 1.938999938964843750e+02
5.045000000000000000e+03 1.873999938964843750e+02
5.055000000000000000e+03 1.998000030517578125e+02
5.065000000000000000e+03 1.966000061035156250e+02
5.075000000000000000e+03 1.911000061035156250e+02
5.085000000000000000e+03 1.923999938964843750e+02
5.095000000000000000e+03 1.921000061035156250e+02
5.105000000000000000e+03 1.951999969482421875e+02
5.115000000000000000e+03 2.001999969482421875e+02
5.125000000000000000e+03 1.871999969482421875e+02
5.135000000000000000e+03 1.866000061035156250e+02
5.145000000000000000e+03 1.878999938964843750e+02
5.155000000000000000e+03 1.905000000000000000e+02
5.165000000000000000e+03 1.673000030517578125e+02
5.175000000000000000e+03 1.730000000000000000e+02
5.185000000000000000e+03 1.658000030517578125e+02
5.195000000000000000e+03 1.833000030517578125e+02
5.205000000000000000e+03 1.836000061035156250e+02
5.215000000000000000e+03 1.911000061035156250e+02
5.225000000000000000e+03 1.828000030517578125e+02
5.235000000000000000e+03 1.898999938964843750e+02
5.245000000000000000e+03 1.963000030517578125e+02
5.255000000000000000e+03 1.935000000000000000e+02
5.265000000000000000e+03 1.678000030517578125e+02
5.275000000000000000e+03 1.833000030517578125e+02
5.285000000000000000e+03 1.901999969482421875e+02
5.295000000000000000e+03 1.923000030517578125e+02
5.305000000000000000e+03 1.956999969482421875e+02
5.315000000000000000e+03 1.968000030517578125e+02
5.325000000000000000e+03 1.775000000000000000e+02
5.335000000000000000e+03 1.928000030517578125e+02
5.345000000000000000e+03 1.863000030517578125e+02
5.355000000000000000e+03 1.995000000000000000e+02
5.365000000000000000e+03 1.876000061035156250e+02
5.375000000000000000e+03 1.886999969482421875e+02
5.385000000000000000e+03 1.908999938964843750e+02
5.395000000000000000e+03 1.836999969482421875e+02
5.405000000000000000e+03 1.773999938964843750e+02
5.415000000000000000e+03 1.886000061035156250e+02
5.425000000000000000e+03 1.830000000000000000e+02
5.435000000000000000e+03 1.883999938964843750e+02
5.445000000000000000e+03 1.883999938964843750e+02
5.455000000000000000e+03 1.906000061035156250e+02
5.465000000000000000e+03 1.883999938964843750e+02
5.475000000000000000e+03 1.838000030517578125e+02
5.485000000000000000e+03 1.868000030517578125e+02
5.495000000000000000e+03 1.900000000000000000e+02
5.505000000000000000e+03 1.866999969482421875e+02
5.515000000000000000e+03 1.876000061035156250e+02
5.525000000000000000e+03 1.851000061035156250e+02
5.535000000000000000e+03 1.886999969482421875e+02
5.545000000000000000e+03 1.903000030517578125e+02
5.555000000000000000e+03 1.901999969482421875e+02
5.565000000000000000e+03 1.826000061035156250e+02
5.575000000000000000e+03 1.851000061035156250e+02
5.585000000000000000e+03 1.791999969482421875e+02
5.595000000000000000e+03 1.813000030517578125e+02
5.605000000000000000e+03 1.848000030517578125e+02
5.615000000000000000e+03 1.828999938964843750e+02
5.625000000000000000e+03 1.855000000000000000e+02
5.635000000000000000e+03 1.866000061035156250e+02
5.645000000000000000e+03 1.858999938964843750e+02
5.655000000000000000e+03 1.803000030517578125e+02
5.665000000000000000e+03 1.833999938964843750e+02
5.675000000000000000e+03 1.891999969482421875e+02
5.685000000000000000e+03 1.815000000000000000e+02
5.695000000000000000e+03 1.865000000000000000e+02
5.705000000000000000e+03 1.773999938964843750e+02
5.715000000000000000e+03 1.828000030517578125e+02
5.725000000000000000e+03 1.896999969482421875e+02
5.735000000000000000e+03 1.881000061035156250e+02
5.745000000000000000e+03 1.871999969482421875e+02
5.755000000000000000e+03 1.835000000000000000e+02
5.765000000000000000e+03 1.851000061035156250e+02
5.775000000000000000e+03 1.861999969482421875e+02
5.785000000000000000e+03 1.788000030517578125e+02
5.795000000000000000e+03 1.833000030517578125e+02
5.805000000000000000e+03 1.843000030517578125e+02
5.815000000000000000e+03 1.858000030517578125e+02
5.825000000000000000e+03 1.878000030517578125e+02
5.835000000000000000e+03 1.861999969482421875e+02
5.845000000000000000e+03 1.865000000000000000e+02
5.855000000000000000e+03 1.788000030517578125e+02
5.865000000000000000e+03 1.835000000000000000e+02
5.875000000000000000e+03 1.853000030517578125e+02
5.885000000000000000e+03 1.753999938964843750e+02
5.895000000000000000e+03 1.616000061035156250e+02
5.905000000000000000e+03 1.818000030517578125e+02
5.915000000000000000e+03 1.791999969482421875e+02
5.925000000000000000e+03 1.813000030517578125e+02
5.935000000000000000e+03 1.801000061035156250e+02
5.945000000000000000e+03 1.778000030517578125e+02
5.955000000000000000e+03 1.786999969482421875e+02
5.965000000000000000e+03 1.810000000000000000e+02
5.975000000000000000e+03 1.785000000000000000e+02
5.985000000000000000e+03 1.761999969482421875e+02
5.995000000000000000e+03 1.778999938964843750e+02
6.005000000000000000e+03 1.750000000000000000e+02
6.015000000000000000e+03 1.755000000000000000e+02
6.025000000000000000e+03 1.723000030517578125e+02
6.035000000000000000e+03 1.791999969482421875e+02
6.045000000000000000e+03 1.781000061035156250e+02
6.055000000000000000e+03 1.768000030517578125e+02
6.065000000000000000e+03 1.763999938964843750e+02
6.075000000000000000e+03 1.761999969482421875e+02
6.085000000000000000e+03 1.746999969482421875e+02
6.095000000000000000e+03 1.748000030517578125e+02
6.105000000000000000e+03 1.706999969482421875e+02
6.115000000000000000e+03 1.750000000000000000e+02
6.125000000000000000e+03 1.708999938964843750e+02
6.135000000000000000e+03 1.686999969482421875e+02
6.145000000000000000e+03 1.716999969482421875e+02
6.155000000000000000e+03 1.716999969482421875e+02
6.165000000000000000e+03 1.613000030517578125e+02
6.175000000000000000e+03 1.711000061035156250e+02
6.185000000000000000e+03 1.728000030517578125e+02
6.195000000000000000e+03 1.711000061035156250e+02
6.205000000000000000e+03 1.738000030517578125e+02
6.215000000000000000e+03 1.693999938964843750e+02
6.225000000000000000e+03 1.716999969482421875e+02
6.235000000000000000e+03 1.670000000000000000e+02
6.245000000000000000e+03 1.660000000000000000e+02
6.255000000000000000e+03 1.636000061035156250e+02
6.265000000000000000e+03 1.701000061035156250e+02
6.275000000000000000e+03 1.701000061035156250e+02
6.285000000000000000e+03 1.701000061035156250e+02
6.295000000000000000e+03 1.681000061035156250e+02
6.310000000000000000e+03 1.643000030517578125e+02
6.330000000000000000e+03 1.655000000000000000e+02
6.350000000000000000e+03 1.660000000000000000e+02
6.370000000000000000e+03 1.658000030517578125e+02
6.390000000000000000e+03 1.655000000000000000e+02
6.410000000000000000e+03 1.618000030517578125e+02
6.430000000000000000e+03 1.625000000000000000e+02
6.450000000000000000e+03 1.631000061035156250e+02
6.470000000000000000e+03 1.606999969482421875e+02
6.490000000000000000e+03 1.561999969482421875e+02
6.510000000000000000e+03 1.610000000000000000e+02
6.530000000000000000e+03 1.603000030517578125e+02
6.550000000000000000e+03 1.536000061035156250e+02
6.570000000000000000e+03 1.388000030517578125e+02
6.590000000000000000e+03 1.553000030517578125e+02
6.610000000000000000e+03 1.575000000000000000e+02
6.630000000000000000e+03 1.558999938964843750e+02
6.650000000000000000e+03 1.563999938964843750e+02
6.670000000000000000e+03 1.538999938964843750e+02
6.690000000000000000e+03 1.550000000000000000e+02
6.710000000000000000e+03 1.520000000000000000e+02
6.730000000000000000e+03 1.525000000000000000e+02
6.750000000000000000e+03 1.513999938964843750e+02
6.770000000000000000e+03 1.511999969482421875e+02
6.790000000000000000e+03 1.501999969482421875e+02
6.810000000000000000e+03 1.496000061035156250e+02
6.830000000000000000e+03 1.483000030517578125e+02
6.850000000000000000e+03 1.458999938964843750e+02
6.870000000000000000e+03 1.471000061035156250e+02
6.890000000000000000e+03 1.465000000000000000e+02
6.910000000000000000e+03 1.451999969482421875e+02
6.930000000000000000e+03 1.451999969482421875e+02
6.950000000000000000e+03 1.440000000000000000e+02
6.970000000000000000e+03 1.420000000000000000e+02
6.990000000000000000e+03 1.428999938964843750e+02
7.010000000000000000e+03 1.390000000000000000e+02
7.030000000000000000e+03 1.391999969482421875e+02
7.050000000000000000e+03 1.418999938964843750e+02
7.070000000000000000e+03 1.403999938964843750e+02
7.090000000000000000e+03 1.388000030517578125e+02
7.110000000000000000e+03 1.388999938964843750e+02
7.130000000000000000e+03 1.376999969482421875e+02
7.150000000000000000e+03 1.370000000000000000e+02
7.170000000000000000e+03 1.356999969482421875e+02
7.190000000000000000e+03 1.331000061035156250e+02
7.210000000000000000e+03 1.333999938964843750e+02
7.230000000000000000e+03 1.351000061035156250e+02
7.250000000000000000e+03 1.353000030517578125e+02
7.270000000000000000e+03 1.348999938964843750e+02
7.290000000000000000e+03 1.321999969482421875e+02
7.310000000000000000e+03 1.328999938964843750e+02
7.330000000000000000e+03 1.321000061035156250e+02
7.350000000000000000e+03 1.311999969482421875e+02
7.370000000000000000e+03 1.310000000000000000e+02
7.390000000000000000e+03 1.281000061035156250e+02
7.410000000000000000e+03 1.260999984741210938e+02
7.430000000000000000e+03 1.288999938964843750e+02
7.450000000000000000e+03 1.281999969482421875e+02
7.470000000000000000e+03 1.286000061035156250e+02
7.490000000000000000e+03 1.273000030517578125e+02
7.510000000000000000e+03 1.265000000000000000e+02
7.530000000000000000e+03 1.261999969482421875e+02
7.550000000000000000e+03 1.258000030517578125e+02
7.570000000000000000e+03 1.250999984741210938e+02
7.590000000000000000e+03 1.243000030517578125e+02
7.610000000000000000e+03 1.240000000000000000e+02
7.630000000000000000e+03 1.244000015258789062e+02
7.650000000000000000e+03 1.224000015258789062e+02
7.670000000000000000e+03 1.188000030517578125e+02
7.690000000000000000e+03 1.205999984741210938e+02
7.710000000000000000e+03 1.206999969482421875e+02
7.730000000000000000e+03 1.210999984741210938e+02
7.750000000000000000e+03 1.190999984741210938e+02
7.770000000000000000e+03 1.199000015258789062e+02
7.790000000000000000e+03 1.190000000000000000e+02
7.810000000000000000e+03 1.190000000000000000e+02
7.830000000000000000e+03 1.179000015258789062e+02
7.850000000000000000e+03 1.183000030517578125e+02
7.870000000000000000e+03 1.180000000000000000e+02
7.890000000000000000e+03 1.176999969482421875e+02
7.910000000000000000e+03 1.160999984741210938e+02
7.930000000000000000e+03 1.145999984741210938e+02
7.950000000000000000e+03 1.136999969482421875e+02
7.970000000000000000e+03 1.155000000000000000e+02
7.990000000000000000e+03 1.138000030517578125e+02
8.010000000000000000e+03 1.145000000000000000e+02
8.030000000000000000e+03 1.131999969482421875e+02
8.050000000000000000e+03 1.118000030517578125e+02
8.070000000000000000e+03 1.123000030517578125e+02
8.090000000000000000e+03 1.098000030517578125e+02
8.110000000000000000e+03 1.116999969482421875e+02
8.130000000000000000e+03 1.118000030517578125e+02
8.150000000000000000e+03 1.110000000000000000e+02
8.170000000000000000e+03 1.106999969482421875e+02
8.190000000000000000e+03 1.065999984741210938e+02
8.210000000000000000e+03 1.083000030517578125e+02
8.230000000000000000e+03 1.075999984741210938e+02
8.250000000000000000e+03 1.078000030517578125e+02
8.270000000000000000e+03 1.079000015258789062e+02
8.290000000000000000e+03 1.075000000000000000e+02
8.310000000000000000e+03 1.070000000000000000e+02
8.330000000000000000e+03 1.035000000000000000e+02
8.350000000000000000e+03 1.054000015258789062e+02
8.370000000000000000e+03 1.053000030517578125e+02
8.390000000000000000e+03 1.043000030517578125e+02
8.410000000000000000e+03 1.045999984741210938e+02
8.430000000000000000e+03 1.029000015258789062e+02
8.450000000000000000e+03 1.034000015258789062e+02
8.470000000000000000e+03 1.025999984741210938e+02
8.490000000000000000e+03 9.719999694824218750e+01
8.510000000000000000e+03 1.004000015258789062e+02
8.530000000000000000e+03 9.739998626708984375e+01
8.550000000000000000e+03 8.780000305175781250e+01
8.570000000000000000e+03 1.011999969482421875e+02
8.590000000000000000e+03 9.980000305175781250e+01
8.610000000000000000e+03 9.980000305175781250e+01
8.630000000000000000e+03 1.000000000000000000e+02
8.650000000000000000e+03 9.709999847412109375e+01
8.670000000000000000e+03 8.810001373291015625e+01
8.690000000000000000e+03 9.680000305175781250e+01
8.700000000000000000e+03 9.600000000000000000e+01
8.720000000000000000e+03 9.530000305175781250e+01
8.740000000000000000e+03 9.559999847412109375e+01
8.760000000000000000e+03 9.580000305175781250e+01
8.780000000000000000e+03 9.340000152587890625e+01
8.800000000000000000e+03 9.350000000000000000e+01
8.820000000000000000e+03 9.230000305175781250e+01
8.840000000000000000e+03 9.369999694824218750e+01
8.860000000000000000e+03 9.219999694824218750e+01
8.880000000000000000e+03 9.240000152587890625e+01
8.900000000000000000e+03 9.200000000000000000e+01
8.920000000000000000e+03 9.109999847412109375e+01
8.940000000000000000e+03 9.140000152587890625e+01
8.960000000000000000e+03 9.190000152587890625e+01
8.980000000000000000e+03 8.940000152587890625e+01
9.000000000000000000e+03 8.890000152587890625e+01
9.020000000000000000e+03 8.909999847412109375e+01
9.040000000000000000e+03 8.809999847412109375e+01
9.060000000000000000e+03 8.809999847412109375e+01
9.080000000000000000e+03 8.540000152587890625e+01
9.100000000000000000e+03 8.650000000000000000e+01
9.120000000000000000e+03 8.730000305175781250e+01
9.140000000000000000e+03 8.650000000000000000e+01
9.160000000000000000e+03 8.600000000000000000e+01
9.180000000000000000e+03 8.609999847412109375e+01
9.200000000000000000e+03 8.350000000000000000e+01
9.220000000000000000e+03 8.280000305175781250e+01
9.240000000000000000e+03 8.340000152587890625e+01
9.260000000000000000e+03 8.390000152587890625e+01
9.280000000000000000e+03 8.450000000000000000e+01
9.300000000000000000e+03 8.400000000000000000e+01
9.320000000000000000e+03 8.480000305175781250e+01
9.340000000000000000e+03 8.350000000000000000e+01
9.360000000000000000e+03 8.200000000000000000e+01
9.380000000000000000e+03 8.280000305175781250e+01
9.400000000000000000e+03 8.209999847412109375e+01
9.420000000000000000e+03 8.059999847412109375e+01
9.440000000000000000e+03 8.219999694824218750e+01
9.460000000000000000e+03 8.169999694824218750e+01
9.480000000000000000e+03 8.009999847412109375e+01
9.500000000000000000e+03 8.030000305175781250e+01
9.520000000000000000e+03 7.959999847412109375e+01
9.540000000000000000e+03 7.850000000000000000e+01
9.560000000000000000e+03 7.990000152587890625e+01
9.580000000000000000e+03 7.959999847412109375e+01
9.600000000000000000e+03 7.880000305175781250e+01
9.620000000000000000e+03 7.838935089111328125e+01
9.640000000000000000e+03 7.817941284179687500e+01
9.660000000000000000e+03 7.717265319824218750e+01
9.680000000000000000e+03 7.762555694580078125e+01
9.700000000000000000e+03 7.720777893066406250e+01
9.720000000000000000e+03 7.764972686767578125e+01
9.740000000000000000e+03 7.586094665527343750e+01
9.760000000000000000e+03 7.649548339843750000e+01
9.780000000000000000e+03 7.606363677978515625e+01
9.800000000000000000e+03 7.568952941894531250e+01
9.820000000000000000e+03 7.596312713623046875e+01
9.840000000000000000e+03 7.536926269531250000e+01
9.860000000000000000e+03 7.500386810302734375e+01
9.880000000000000000e+03 7.473538208007812500e+01
9.900000000000000000e+03 7.363179016113281250e+01
9.920000000000000000e+03 7.430486297607421875e+01
9.940000000000000000e+03 7.420057678222656250e+01
9.960000000000000000e+03 7.379315185546875000e+01
9.980000000000000000e+03 7.357116699218750000e+01
1.000000000000000000e+04 7.323773193359375000e+01
1.002000000000000000e+04 7.300727844238281250e+01
1.004000000000000000e+04 7.138765716552734375e+01
1.006000000000000000e+04 6.899416351318359375e+01
1.008000000000000000e+04 7.187686920166015625e+01
1.010000000000000000e+04 7.176548767089843750e+01
1.012000000000000000e+04 7.137299346923828125e+01
1.014000000000000000e+04 7.070594787597656250e+01
1.016000000000000000e+04 7.012577819824218750e+01
1.018000000000000000e+04 6.987606811523437500e+01
1.020000000000000000e+04 6.950995635986328125e+01
1.022000000000000000e+04 6.916306304931640625e+01
1.024000000000000000e+04 6.981610107421875000e+01
1.026000000000000000e+04 6.954940795898437500e+01
1.028000000000000000e+04 6.945960998535156250e+01
1.030000000000000000e+04 6.842381286621093750e+01
1.032000000000000000e+04 6.863899230957031250e+01
1.034000000000000000e+04 6.683367919921875000e+01
1.036000000000000000e+04 6.794361114501953125e+01
1.038000000000000000e+04 6.694673156738281250e+01
1.040000000000000000e+04 6.683846282958984375e+01
1.042000000000000000e+04 6.682946014404296875e+01
1.044000000000000000e+04 6.702232360839843750e+01
1.046000000000000000e+04 6.549031066894531250e+01
1.048000000000000000e+04 6.592070770263671875e+01
1.050000000000000000e+04 6.603578948974609375e+01
1.052000000000000000e+04 6.572431945800781250e+01
1.054000000000000000e+04 6.511802673339843750e+01
1.056000000000000000e+04 6.539733886718750000e+01
1.058000000000000000e+04 6.370441055297851562e+01
1.060000000000000000e+04 6.385567092895507812e+01
1.062000000000000000e+04 6.445622253417968750e+01
1.064000000000000000e+04 6.376211166381835938e+01
1.066000000000000000e+04 6.309300994873046875e+01
1.068000000000000000e+04 6.250492858886718750e+01
1.070000000000000000e+04 6.149423980712890625e+01
1.072000000000000000e+04 6.241352081298828125e+01
1.074000000000000000e+04 6.149777984619140625e+01
1.076000000000000000e+04 6.142462921142578125e+01
1.078000000000000000e+04 6.101913070678710938e+01
1.080000000000000000e+04 6.205273056030273438e+01
1.082000000000000000e+04 5.918495941162109375e+01
1.084000000000000000e+04 5.999493026733398438e+01
1.086000000000000000e+04 6.108934020996093750e+01
1.088000000000000000e+04 5.811977005004882812e+01
1.090000000000000000e+04 6.028704071044921875e+01
1.092000000000000000e+04 5.963124084472656250e+01
1.094000000000000000e+04 5.591788864135742188e+01
1.096000000000000000e+04 5.740626907348632812e+01
1.098000000000000000e+04 5.728665924072265625e+01
1.100000000000000000e+04 5.866410064697265625e+01
1.102000000000000000e+04 5.737828826904296875e+01
1.104000000000000000e+04 5.803477859497070312e+01
1.106000000000000000e+04 5.794182968139648438e+01
1.108000000000000000e+04 5.765679168701171875e+01
1.110000000000000000e+04 5.764046096801757812e+01
1.112000000000000000e+04 5.680030822753906250e+01
1.114000000000000000e+04 5.686175918579101562e+01
1.116000000000000000e+04 5.693167114257812500e+01
1.118000000000000000e+04 5.669741821289062500e+01
1.120000000000000000e+04 5.552505111694335938e+01
1.122000000000000000e+04 5.643431091308593750e+01
1.124000000000000000e+04 5.609680175781250000e+01
1.126000000000000000e+04 5.465652084350585938e+01
1.128000000000000000e+04 5.541207885742187500e+01
1.130000000000000000e+04 5.457809066772460938e+01
1.132000000000000000e+04 5.491460037231445312e+01
1.134000000000000000e+04 5.453310012817382812e+01
1.136000000000000000e+04 5.492914962768554688e+01
1.138000000000000000e+04 5.372719955444335938e+01
1.140000000000000000e+04 5.325865936279296875e+01
1.142000000000000000e+04 5.349507141113281250e+01
1.144000000000000000e+04 5.343017959594726562e+01
1.146000000000000000e+04 5.413747024536132812e+01
1.148000000000000000e+04 5.371170043945312500e+01
1.150000000000000000e+04 5.354111099243164062e+01
1.152000000000000000e+04 5.323780059814453125e+01
1.154000000000000000e+04 5.344589996337890625e+01
1.156000000000000000e+04 5.295668029785156250e+01
1.158000000000000000e+04 5.285517883300781250e+01
1.160000000000000000e+04 5.166225051879882812e+01
1.162000000000000000e+04 5.098537063598632812e+01
1.164000000000000000e+04 5.150770950317382812e+01
1.166000000000000000e+04 5.149890136718750000e+01
1.168000000000000000e+04 5.169551849365234375e+01
1.170000000000000000e+04 5.084181976318359375e+01
1.172000000000000000e+04 5.155614089965820312e+01
1.174000000000000000e+04 5.148318099975585938e+01
1.176000000000000000e+04 5.005136871337890625e+01
1.178000000000000000e+04 4.975910949707031250e+01
1.180000000000000000e+04 5.097069931030273438e+01
1.182000000000000000e+04 5.024544143676757812e+01
1.184000000000000000e+04 4.855664062500000000e+01
1.186000000000000000e+04 5.007569885253906250e+01
1.188000000000000000e+04 4.838156890869140625e+01
1.190000000000000000e+04 4.932461929321289062e+01
1.192000000000000000e+04 4.974626159667968750e+01
1.194000000000000000e+04 4.966247940063476562e+01
1.196000000000000000e+04 4.890552139282226562e+01
1.198000000000000000e+04 4.668336105346679688e+01
1.200000000000000000e+04 4.797074127197265625e+01
1.202000000000000000e+04 4.890864181518554688e+01
1.204000000000000000e+04 4.693597030639648438e+01
1.206000000000000000e+04 4.836389923095703125e+01
1.208000000000000000e+04 4.613803863525390625e+01
1.210000000000000000e+04 4.716687011718750000e+01
1.212000000000000000e+04 4.768590164184570312e+01
1.214000000000000000e+04 4.775809097290039062e+01
1.216000000000000000e+04 4.775606918334960938e+01
1.218000000000000000e+04 4.745394897460937500e+01
1.220000000000000000e+04 4.721936035156250000e+01
1.222000000000000000e+04 4.708216094970703125e+01
1.224000000000000000e+04 4.683694839477539062e+01
1.226000000000000000e+04 4.675682067871093750e+01
1.228000000000000000e+04 4.600920104980468750e+01
1.230000000000000000e+04 4.642211914062500000e+01
1.232000000000000000e+04 4.605794906616210938e+01
1.234000000000000000e+04 4.598770141601562500e+01
1.236000000000000000e+04 4.591085052490234375e+01
1.238000000000000000e+04 4.592177963256835938e+01
1.240000000000000000e+04 4.523551940917968750e+01
1.242000000000000000e+04 4.511307144165039062e+01
1.244000000000000000e+04 4.490644073486328125e+01
1.246000000000000000e+04 4.501887893676757812e+01
1.248000000000000000e+04 4.492472076416015625e+01
1.250000000000000000e+04 4.491299057006835938e+01
1.252000000000000000e+04 4.421992874145507812e+01
1.254000000000000000e+04 4.439183044433593750e+01
1.256000000000000000e+04 4.409854888916015625e+01
1.258000000000000000e+04 4.393693923950195312e+01
1.260000000000000000e+04 4.394984054565429688e+01
1.262000000000000000e+04 4.361957931518554688e+01
1.264000000000000000e+04 4.348155975341796875e+01
1.266000000000000000e+04 4.332548141479492188e+01
1.268000000000000000e+04 4.265121841430664062e+01
1.270000000000000000e+04 4.329648971557617188e+01
1.272000000000000000e+04 4.312049865722656250e+01
1.274000000000000000e+04 4.270111846923828125e+01
1.276000000000000000e+04 4.285569000244140625e+01
1.278000000000000000e+04 4.260778045654296875e+01
1.280000000000000000e+04 4.191643142700195312e+01
1.282000000000000000e+04 3.754504013061523438e+01
1.284000000000000000e+04 4.110097122192382812e+01
1.286000000000000000e+04 4.155606842041015625e+01
1.288000000000000000e+04 4.162078094482421875e+01
1.290000000000000000e+04 4.119453048706054688e+01
1.292000000000000000e+04 4.147491073608398438e+01
1.294000000000000000e+04 4.117267990112304688e+01
1.296000000000000000e+04 4.138526153564453125e+01
1.298000000000000000e+04 4.089680099487304688e+01
1.300000000000000000e+04 4.107743072509765625e+01
1.302000000000000000e+04 4.056111145019531250e+01
1.304000000000000000e+04 4.027732849121093750e+01
1.306000000000000000e+04 4.057839965820312500e+01
1.308000000000000000e+04 4.040097045898437500e+01
1.310000000000000000e+04 4.022858810424804688e+01
1.312000000000000000e+04 3.924431991577148438e+01
1.314000000000000000e+04 3.996184158325195312e+01
1.316000000000000000e+04 3.872156143188476562e+01
1.318000000000000000e+04 3.954685974121093750e+01
1.320000000000000000e+04 3.965904998779296875e+01
1.322000000000000000e+04 3.935504913330078125e+01
1.324000000000000000e+04 3.939804077148437500e+01
1.326000000000000000e+04 3.902624893188476562e+01
1.328000000000000000e+04 3.890589904785156250e+01
1.330000000000000000e+04 3.813821029663085938e+01
1.332000000000000000e+04 3.817301940917968750e+01
1.334000000000000000e+04 3.881599044799804688e+01
1.336000000000000000e+04 3.851889038085937500e+01
1.338000000000000000e+04 3.828052902221679688e+01
1.340000000000000000e+04 3.776020050048828125e+01
1.342000000000000000e+04 3.807667160034179688e+01
1.344000000000000000e+04 3.807141113281250000e+01
1.346000000000000000e+04 3.779042053222656250e+01
1.348000000000000000e+04 3.786344909667968750e+01
1.350000000000000000e+04 3.723928070068359375e+01
1.352000000000000000e+04 3.756161117553710938e+01
1.354000000000000000e+04 3.740583038330078125e+01
1.356000000000000000e+04 3.637253952026367188e+01
1.358000000000000000e+04 3.708288955688476562e+01
1.360000000000000000e+04 3.656011962890625000e+01
1.362000000000000000e+04 3.680767059326171875e+01
1.364000000000000000e+04 3.634309005737304688e+01
1.366000000000000000e+04 3.661497879028320312e+01
1.368000000000000000e+04 3.605030059814453125e+01
1.370000000000000000e+04 3.585577011108398438e+01
1.372000000000000000e+04 3.614876937866210938e+01
1.374000000000000000e+04 3.594990158081054688e+01
1.376000000000000000e+04 3.547024154663085938e+01
1.378000000000000000e+04 3.584024810791015625e+01
1.380000000000000000e+04 3.576660919189453125e+01
1.382000000000000000e+04 3.534777069091796875e+01
1.384000000000000000e+04 3.558649063110351562e+01
1.386000000000000000e+04 3.514371871948242188e+01
1.388000000000000000e+04 3.535803985595703125e+01
1.390000000000000000e+04 3.502037811279296875e+01
1.392000000000000000e+04 3.514186096191406250e+01
1.394000000000000000e+04 3.490345001220703125e+01
1.396000000000000000e+04 3.473062896728515625e+01
1.398000000000000000e+04 3.488447189331054688e+01
1.400000000000000000e+04 3.411927032470703125e+01
1.402000000000000000e+04 3.423630142211914062e+01
1.404000000000000000e+04 3.400965118408203125e+01
1.406000000000000000e+04 3.398757934570312500e+01
1.408000000000000000e+04 3.404776000976562500e+01
1.410000000000000000e+04 3.402320861816406250e+01
1.412000000000000000e+04 3.315822982788085938e+01
1.414000000000000000e+04 3.326282119750976562e+01
1.416000000000000000e+04 3.352830886840820312e+01
1.418000000000000000e+04 3.348542022705078125e+01
1.420000000000000000e+04 3.316839981079101562e+01
1.422000000000000000e+04 3.238137054443359375e+01
1.424000000000000000e+04 3.278812026977539062e+01
1.426000000000000000e+04 3.221186065673828125e+01
1.428000000000000000e+04 3.214038848876953125e+01
1.430000000000000000e+04 3.228979873657226562e+01
1.432000000000000000e+04 3.243576049804687500e+01
1.434000000000000000e+04 3.234524917602539062e+01
1.436000000000000000e+04 3.244546890258789062e+01
1.438000000000000000e+04 3.249826049804687500e+01
1.440000000000000000e+04 3.106197929382324219e+01
1.442000000000000000e+04 3.163612937927246094e+01
1.444000000000000000e+04 3.134056091308593750e+01
1.446000000000000000e+04 3.192845916748046875e+01
1.448000000000000000e+04 3.165925025939941406e+01
1.450000000000000000e+04 3.141031074523925781e+01
1.452000000000000000e+04 3.098067092895507812e+01
1.454000000000000000e+04 3.097409057617187500e+01
1.456000000000000000e+04 3.084511947631835938e+01
1.458000000000000000e+04 3.136523056030273438e+01
1.460000000000000000e+04 3.114463043212890625e+01
1.462000000000000000e+04 3.077849006652832031e+01
1.464000000000000000e+04 3.073576927185058594e+01
1.466000000000000000e+04 3.054582023620605469e+01
1.468000000000000000e+04 3.062928962707519531e+01
1.470000000000000000e+04 3.041102027893066406e+01
1.472000000000000000e+04 3.023772048950195312e+01
1.474000000000000000e+04 2.975864982604980469e+01
1.476000000000000000e+04 2.981258010864257812e+01
1.478000000000000000e+04 2.958572959899902344e+01
1.480000000000000000e+04 3.017402076721191406e+01
1.482000000000000000e+04 2.993131065368652344e+01
1.484000000000000000e+04 2.949227905273437500e+01
1.486000000000000000e+04 2.977269935607910156e+01
1.488000000000000000e+04 2.747193908691406250e+01
1.490000000000000000e+04 2.979812049865722656e+01
1.492000000000000000e+04 2.958411026000976562e+01
1.494000000000000000e+04 2.979184913635253906e+01
1.496000000000000000e+04 2.889440917968750000e+01
1.498000000000000000e+04 2.929504013061523438e+01
1.500000000000000000e+04 2.924604988098144531e+01
1.502000000000000000e+04 2.805220985412597656e+01
1.504000000000000000e+04 2.762425994873046875e+01
1.506000000000000000e+04 2.735257911682128906e+01
1.508000000000000000e+04 2.827812004089355469e+01
1.510000000000000000e+04 2.905570030212402344e+01
1.512000000000000000e+04 2.850322914123535156e+01
1.514000000000000000e+04 2.827753067016601562e+01
1.516000000000000000e+04 2.841337013244628906e+01
1.518000000000000000e+04 2.849428939819335938e+01
1.520000000000000000e+04 2.838928031921386719e+01
1.522000000000000000e+04 2.762458038330078125e+01
1.524000000000000000e+04 2.782542991638183594e+01
1.526000000000000000e+04 2.821599960327148438e+01
1.528000000000000000e+04 2.826659965515136719e+01
1.530000000000000000e+04 2.709387016296386719e+01
1.532000000000000000e+04 2.796977996826171875e+01
1.534000000000000000e+04 2.744101905822753906e+01
1.536000000000000000e+04 2.781924057006835938e+01
1.538000000000000000e+04 2.749386024475097656e+01
1.540000000000000000e+04 2.693670082092285156e+01
1.542000000000000000e+04 2.719388961791992188e+01
1.544000000000000000e+04 2.757859039306640625e+01
1.546000000000000000e+04 2.752529907226562500e+01
1.548000000000000000e+04 2.675848960876464844e+01
1.550000000000000000e+04 2.669592094421386719e+01
1.552000000000000000e+04 2.705480003356933594e+01
1.554000000000000000e+04 2.620844078063964844e+01
1.556000000000000000e+04 2.642358016967773438e+01
1.558000000000000000e+04 2.652552986145019531e+01
1.560000000000000000e+04 2.643601989746093750e+01
1.562000000000000000e+04 2.660296058654785156e+01
1.564000000000000000e+04 2.629231071472167969e+01
1.566000000000000000e+04 2.590353012084960938e+01
1.568000000000000000e+04 2.577527999877929688e+01
1.570000000000000000e+04 2.590608024597167969e+01
1.572000000000000000e+04 2.604037094116210938e+01
1.574000000000000000e+04 2.548630905151367188e+01
1.576000000000000000e+04 2.461243057250976562e+01
1.578000000000000000e+04 2.430617904663085938e+01
1.580000000000000000e+04 2.576791954040527344e+01
1.582000000000000000e+04 2.482822990417480469e+01
1.584000000000000000e+04 2.517383003234863281e+01
1.586000000000000000e+04 2.524548912048339844e+01
1.588000000000000000e+04 2.414086914062500000e+01
1.590000000000000000e+04 2.298329925537109375e+01
1.592000000000000000e+04 2.450473976135253906e+01
1.594000000000000000e+04 2.527754974365234375e+01
1.596000000000000000e+04 2.424809074401855469e+01
1.598000000000000000e+04 2.524292945861816406e+01
1.600000000000000000e+04 2.449354934692382812e+01
1.602000000000000000e+04 2.453082084655761719e+01
1.604000000000000000e+04 2.449345016479492188e+01
1.606000000000000000e+04 2.435153961181640625e+01
1.608000000000000000e+04 2.457504081726074219e+01
1.610000000000000000e+04 2.339075088500976562e+01
1.612000000000000000e+04 2.393041038513183594e+01
1.614000000000000000e+04 2.419426918029785156e+01
1.616000000000000000e+04 2.302428054809570312e+01
1.618000000000000000e+04 2.416216087341308594e+01
1.620000000000000000e+04 2.322344017028808594e+01
1.622000000000000000e+04 2.369786071777343750e+01
1.624000000000000000e+04 2.400486946105957031e+01
1.626000000000000000e+04 2.390774917602539062e+01
1.628000000000000000e+04 2.411528968811035156e+01
1.630000000000000000e+04 2.372707939147949219e+01
1.632000000000000000e+04 2.360983085632324219e+01
1.634000000000000000e+04 2.332996940612792969e+01
1.636000000000000000e+04 2.304030990600585938e+01
1.638000000000000000e+04 2.236790084838867188e+01
1.640000000000000000e+04 2.229219055175781250e+01
1.642000000000000000e+04 2.224225044250488281e+01
1.644000000000000000e+04 2.220369911193847656e+01
1.646000000000000000e+04 2.279022026062011719e+01
1.648000000000000000e+04 2.282176017761230469e+01
1.650000000000000000e+04 2.236142921447753906e+01
1.652000000000000000e+04 2.241337013244628906e+01
1.654000000000000000e+04 2.261166000366210938e+01
1.656000000000000000e+04 2.258381080627441406e+01
1.658000000000000000e+04 2.256390953063964844e+01
1.660000000000000000e+04 2.232018089294433594e+01
1.662000000000000000e+04 2.239261054992675781e+01
1.664000000000000000e+04 2.224246978759765625e+01
1.666000000000000000e+04 2.189748001098632812e+01
1.668000000000000000e+04 2.157674980163574219e+01
1.670000000000000000e+04 2.210651969909667969e+01
1.672000000000000000e+04 2.120467948913574219e+01
1.674000000000000000e+04 2.168461036682128906e+01
1.676000000000000000e+04 2.097662925720214844e+01
1.678000000000000000e+04 2.129293060302734375e+01
1.680000000000000000e+04 2.032037925720214844e+01
1.682000000000000000e+04 1.997562980651855469e+01
1.684000000000000000e+04 2.090660095214843750e+01
1.686000000000000000e+04 2.098456954956054688e+01
1.688000000000000000e+04 2.095402908325195312e+01
1.690000000000000000e+04 2.076684951782226562e+01
1.692000000000000000e+04 2.110331916809082031e+01
1.694000000000000000e+04 2.096776962280273438e+01
1.696000000000000000e+04 2.089480972290039062e+01
1.698000000000000000e+04 2.080706977844238281e+01
1.700000000000000000e+04 2.046495056152343750e+01
1.702000000000000000e+04 2.030180931091308594e+01
1.704000000000000000e+04 2.033200073242187500e+01
1.706000000000000000e+04 2.036527061462402344e+01
1.708000000000000000e+04 2.001926994323730469e+01
1.710000000000000000e+04 2.015283966064453125e+01
1.712000000000000000e+04 1.934646034240722656e+01
1.714000000000000000e+04 2.021582031250000000e+01
1.716000000000000000e+04 1.999264907836914062e+01
1.718000000000000000e+04 1.991436004638671875e+01
1.720000000000000000e+04 1.961533927917480469e+01
1.722000000000000000e+04 1.959919929504394531e+01
1.724000000000000000e+04 1.894848060607910156e+01
1.726000000000000000e+04 1.935390090942382812e+01
1.728000000000000000e+04 1.926221084594726562e+01
1.730000000000000000e+04 1.936758041381835938e+01
1.732000000000000000e+04 1.898431968688964844e+01
1.734000000000000000e+04 1.802545928955078125e+01
1.736000000000000000e+04 1.756531906127929688e+01
1.738000000000000000e+04 1.817317962646484375e+01
1.740000000000000000e+04 1.867223930358886719e+01
1.742000000000000000e+04 1.850148963928222656e+01
1.744000000000000000e+04 1.879701042175292969e+01
1.746000000000000000e+04 1.841127014160156250e+01
1.748000000000000000e+04 1.833333015441894531e+01
1.750000000000000000e+04 1.837571907043457031e+01
1.752000000000000000e+04 1.828273010253906250e+01
1.754000000000000000e+04 1.847821998596191406e+01
1.756000000000000000e+04 1.838674926757812500e+01
1.758000000000000000e+04 1.834938049316406250e+01
1.760000000000000000e+04 1.828352928161621094e+01
1.762000000000000000e+04 1.776292037963867188e+01
1.764000000000000000e+04 1.804509925842285156e+01
1.766000000000000000e+04 1.815909004211425781e+01
1.768000000000000000e+04 1.796121978759765625e+01
1.770000000000000000e+04 1.781196022033691406e+01
1.772000000000000000e+04 1.788788032531738281e+01
1.774000000000000000e+04 1.787955093383789062e+01
1.776000000000000000e+04 1.753154945373535156e+01
1.778000000000000000e+04 1.740695953369140625e+01
1.780000000000000000e+04 1.743294906616210938e+01
1.782000000000000000e+04 1.737401008605957031e+01
1.784000000000000000e+04 1.734926033020019531e+01
1.786000000000000000e+04 1.725292015075683594e+01
1.788000000000000000e+04 1.744277954101562500e+01
1.790000000000000000e+04 1.727395057678222656e+01
1.792000000000000000e+04 1.713978958129882812e+01
1.794000000000000000e+04 1.699321937561035156e+01
1.796000000000000000e+04 1.698122978210449219e+01
1.798000000000000000e+04 1.694734954833984375e+01
1.800000000000000000e+04 1.686091041564941406e+01
1.802000000000000000e+04 1.654754066467285156e+01
1.804000000000000000e+04 1.675906944274902344e+01
1.806000000000000000e+04 1.664920043945312500e+01
1.808000000000000000e+04 1.662420082092285156e+01
1.810000000000000000e+04 1.659096908569335938e+01
1.812000000000000000e+04 1.640900039672851562e+01
1.814000000000000000e+04 1.622127914428710938e+01
1.816000000000000000e+04 1.578326988220214844e+01
1.818000000000000000e+04 1.464521026611328125e+01
1.820000000000000000e+04 1.567584991455078125e+01
1.822000000000000000e+04 1.554718971252441406e+01
1.824000000000000000e+04 1.603128051757812500e+01
1.826000000000000000e+04 1.602260971069335938e+01
1.828000000000000000e+04 1.580350017547607422e+01
1.830000000000000000e+04 1.594157981872558594e+01
1.832000000000000000e+04 1.579656982421875000e+01
1.834000000000000000e+04 1.570635032653808594e+01
1.836000000000000000e+04 1.569997024536132812e+01
1.838000000000000000e+04 1.549631977081298828e+01
1.840000000000000000e+04 1.552237033843994141e+01
1.842000000000000000e+04 1.521681022644042969e+01
1.844000000000000000e+04 1.534255027770996094e+01
1.846000000000000000e+04 1.544264984130859375e+01
1.848000000000000000e+04 1.480401039123535156e+01
1.850000000000000000e+04 1.538883972167968750e+01
1.852000000000000000e+04 1.526702976226806641e+01
1.854000000000000000e+04 1.514105987548828125e+01
1.856000000000000000e+04 1.488494968414306641e+01
1.858000000000000000e+04 1.506939983367919922e+01
1.860000000000000000e+04 1.480303001403808594e+01
1.862000000000000000e+04 1.468327045440673828e+01
1.864000000000000000e+04 1.474499034881591797e+01
1.866000000000000000e+04 1.449713039398193359e+01
1.868000000000000000e+04 1.449505043029785156e+01
1.870000000000000000e+04 1.462574005126953125e+01
1.872000000000000000e+04 1.414955043792724609e+01
1.874000000000000000e+04 1.374512004852294922e+01
1.876000000000000000e+04 1.196891021728515625e+01
1.878000000000000000e+04 1.398346042633056641e+01
1.880000000000000000e+04 1.410984992980957031e+01
1.882000000000000000e+04 1.429771041870117188e+01
1.884000000000000000e+04 1.421770954132080078e+01
1.886000000000000000e+04 1.393367958068847656e+01
1.888000000000000000e+04 1.422622966766357422e+01
1.890000000000000000e+04 1.383874034881591797e+01
1.892000000000000000e+04 1.378415012359619141e+01
1.894000000000000000e+04 1.361408042907714844e+01
1.896000000000000000e+04 1.333275985717773438e+01
1.898000000000000000e+04 1.378929996490478516e+01
1.900000000000000000e+04 1.368153953552246094e+01
1.902000000000000000e+04 1.397655010223388672e+01
1.904000000000000000e+04 1.367329978942871094e+01
1.906000000000000000e+04 1.373056983947753906e+01
1.908000000000000000e+04 1.361219024658203125e+01
1.910000000000000000e+04 1.370530986785888672e+01
1.912000000000000000e+04 1.338304996490478516e+01
1.914000000000000000e+04 1.363212013244628906e+01
1.916000000000000000e+04 1.350298976898193359e+01
1.918000000000000000e+04 1.342936992645263672e+01
1.920000000000000000e+04 1.318848037719726562e+01
1.922000000000000000e+04 1.342671966552734375e+01
1.924000000000000000e+04 1.322074985504150391e+01
1.926000000000000000e+04 1.330484008789062500e+01
1.928000000000000000e+04 1.295676994323730469e+01
1.930000000000000000e+04 1.292475986480712891e+01
1.932000000000000000e+04 1.275961017608642578e+01
1.934000000000000000e+04 1.295571994781494141e+01
1.936000000000000000e+04 1.292362022399902344e+01
1.938000000000000000e+04 1.296899032592773438e+01
1.940000000000000000e+04 1.252834987640380859e+01
1.942000000000000000e+04 1.267815017700195312e+01
1.944000000000000000e+04 1.158812046051025391e+01
1.946000000000000000e+04 1.142763042449951172e+01
1.948000000000000000e+04 1.244211006164550781e+01
1.950000000000000000e+04 1.242224025726318359e+01
1.952000000000000000e+04 1.204992961883544922e+01
1.954000000000000000e+04 1.265135002136230469e+01
1.956000000000000000e+04 1.257588958740234375e+01
1.958000000000000000e+04 1.254512977600097656e+01
1.960000000000000000e+04 1.244295978546142578e+01
1.962000000000000000e+04 1.233316993713378906e+01
1.964000000000000000e+04 1.195497035980224609e+01
1.966000000000000000e+04 1.214671993255615234e+01
1.968000000000000000e+04 1.236308002471923828e+01
1.970000000000000000e+04 1.224656009674072266e+01
1.972000000000000000e+04 1.185525989532470703e+01
1.974000000000000000e+04 1.204992961883544922e+01
1.976000000000000000e+04 1.213261985778808594e+01
1.978000000000000000e+04 1.176033973693847656e+01
1.980000000000000000e+04 1.186417961120605469e+01
1.982000000000000000e+04 1.187267017364501953e+01
1.984000000000000000e+04 1.186375999450683594e+01
1.986000000000000000e+04 1.150386047363281250e+01
1.988000000000000000e+04 1.193550014495849609e+01
1.990000000000000000e+04 1.189406967163085938e+01
1.992000000000000000e+04 1.170872974395751953e+01
1.994000000000000000e+04 1.147821044921875000e+01
1.996000000000000000e+04 1.164288997650146484e+01
1.998000000000000000e+04 1.151369953155517578e+01
2.000000000000000000e+04 1.166102981567382812e+01
2.002000000000000000e+04 1.152914047241210938e+01
2.004000000000000000e+04 1.144188022613525391e+01
2.006000000000000000e+04 1.140563964843750000e+01
2.008000000000000000e+04 1.151558971405029297e+01
2.010000000000000000e+04 1.146022987365722656e+01
2.012000000000000000e+04 1.140273952484130859e+01
2.014000000000000000e+04 1.132120037078857422e+01
2.016000000000000000e+04 1.133862972259521484e+01
2.018000000000000000e+04 1.130130958557128906e+01
2.020000000000000000e+04 1.113774967193603516e+01
2.022000000000000000e+04 1.092578983306884766e+01
2.024000000000000000e+04 1.109179973602294922e+01
2.026000000000000000e+04 1.109414958953857422e+01
2.028000000000000000e+04 1.100269031524658203e+01
2.030000000000000000e+04 1.074219989776611328e+01
2.032000000000000000e+04 1.100636005401611328e+01
2.034000000000000000e+04 1.083804035186767578e+01
2.036000000000000000e+04 1.082161998748779297e+01
2.038000000000000000e+04 1.052871036529541016e+01
2.040000000000000000e+04 1.083909034729003906e+01
2.042000000000000000e+04 1.074892044067382812e+01
2.044000000000000000e+04 1.078316974639892578e+01
2.046000000000000000e+04 1.075222015380859375e+01
2.048000000000000000e+04 1.065721988677978516e+01
2.050000000000000000e+04 1.063918972015380859e+01
2.052000000000000000e+04 1.049701023101806641e+01
2.054000000000000000e+04 1.053586006164550781e+01
2.056000000000000000e+04 1.053483963012695312e+01
2.058000000000000000e+04 1.046679019927978516e+01
2.060000000000000000e+04 1.025893020629882812e+01
2.062000000000000000e+04 1.044972991943359375e+01
2.064000000000000000e+04 1.002420043945312500e+01
2.066000000000000000e+04 1.037199020385742188e+01
2.068000000000000000e+04 1.029255962371826172e+01
2.070000000000000000e+04 1.009162044525146484e+01
2.072000000000000000e+04 1.017949962615966797e+01
2.074000000000000000e+04 1.023138999938964844e+01
2.076000000000000000e+04 1.019194030761718750e+01
2.078000000000000000e+04 1.016394042968750000e+01
2.080000000000000000e+04 9.932424545288085938e+00
2.082000000000000000e+04 1.004796028137207031e+01
2.084000000000000000e+04 9.855086326599121094e+00
2.086000000000000000e+04 1.000508022308349609e+01
2.088000000000000000e+04 9.963475227355957031e+00
2.090000000000000000e+04 9.947033882141113281e+00
2.092000000000000000e+04 9.618074417114257812e+00
2.094000000000000000e+04 9.710592269897460938e+00
2.096000000000000000e+04 9.670780181884765625e+00
2.098000000000000000e+04 9.733356475830078125e+00
2.100000000000000000e+04 9.725115776062011719e+00
2.102000000000000000e+04 9.687521934509277344e+00
2.104000000000000000e+04 9.699466705322265625e+00
2.106000000000000000e+04 9.700283050537109375e+00
2.108000000000000000e+04 9.643069267272949219e+00
2.110000000000000000e+04 9.458071708679199219e+00
2.112000000000000000e+04 9.570342063903808594e+00
2.114000000000000000e+04 9.523366928100585938e+00
2.116000000000000000e+04 9.343638420104980469e+00
2.118000000000000000e+04 9.449934005737304688e+00
2.120000000000000000e+04 9.333051681518554688e+00
2.122000000000000000e+04 9.358583450317382812e+00
2.124000000000000000e+04 9.201120376586914062e+00
2.126000000000000000e+04 9.257521629333496094e+00
2.128000000000000000e+04 9.310640335083007812e+00
2.130000000000000000e+04 9.253056526184082031e+00
2.132000000000000000e+04 9.265181541442871094e+00
2.134000000000000000e+04 9.221926689147949219e+00
2.136000000000000000e+04 9.016719818115234375e+00
2.138000000000000000e+04 9.172521591186523438e+00
2.140000000000000000e+04 9.116041183471679688e+00
2.142000000000000000e+04 9.099525451660156250e+00
2.144000000000000000e+04 9.029050827026367188e+00
2.146000000000000000e+04 8.947999000549316406e+00
2.148000000000000000e+04 9.008625984191894531e+00
2.150000000000000000e+04 8.973722457885742188e+00
2.152000000000000000e+04 8.902677536010742188e+00
2.154000000000000000e+04 8.878581047058105469e+00
2.156000000000000000e+04 8.866478919982910156e+00
2.158000000000000000e+04 8.833585739135742188e+00
2.160000000000000000e+04 8.753266334533691406e+00
2.162000000000000000e+04 8.655013084411621094e+00
2.164000000000000000e+04 8.472414970397949219e+00
2.166000000000000000e+04 7.608471870422363281e+00
2.168000000000000000e+04 8.303814888000488281e+00
2.170000000000000000e+04 8.517407417297363281e+00
2.172000000000000000e+04 8.551423072814941406e+00
2.174000000000000000e+04 8.555308341979980469e+00
2.176000000000000000e+04 8.460639953613281250e+00
2.178000000000000000e+04 8.317131042480468750e+00
2.180000000000000000e+04 8.528556823730468750e+00
2.182000000000000000e+04 8.343378067016601562e+00
2.184000000000000000e+04 8.456617355346679688e+00
2.186000000000000000e+04 8.453033447265625000e+00
2.188000000000000000e+04 8.166020393371582031e+00
2.190000000000000000e+04 8.322843551635742188e+00
2.192000000000000000e+04 8.370332717895507812e+00
2.194000000000000000e+04 8.328809738159179688e+00
2.196000000000000000e+04 8.298452377319335938e+00
2.198000000000000000e+04 8.297028541564941406e+00
2.200000000000000000e+04 8.256199836730957031e+00
2.202000000000000000e+04 8.210253715515136719e+00
2.204000000000000000e+04 8.213644027709960938e+00
2.206000000000000000e+04 7.784324169158935547e+00
2.208000000000000000e+04 7.972390174865722656e+00
2.210000000000000000e+04 8.109716415405273438e+00
2.212000000000000000e+04 8.097628593444824219e+00
2.214000000000000000e+04 8.062319755554199219e+00
2.216000000000000000e+04 7.971261978149414062e+00
2.218000000000000000e+04 7.962715148925781250e+00
2.220000000000000000e+04 8.001108169555664062e+00
2.222000000000000000e+04 7.957787036895751953e+00
2.224000000000000000e+04 7.923604011535644531e+00
2.226000000000000000e+04 7.752663135528564453e+00
2.228000000000000000e+04 7.844775199890136719e+00
2.230000000000000000e+04 7.837719917297363281e+00
2.232000000000000000e+04 7.830867767333984375e+00
2.234000000000000000e+04 7.821339130401611328e+00
2.236000000000000000e+04 7.778253078460693359e+00
2.238000000000000000e+04 7.619206905364990234e+00
2.240000000000000000e+04 7.665627956390380859e+00
2.242000000000000000e+04 7.652956008911132812e+00
2.244000000000000000e+04 7.661191940307617188e+00
2.246000000000000000e+04 7.656466007232666016e+00
2.248000000000000000e+04 7.515487194061279297e+00
2.250000000000000000e+04 7.589760780334472656e+00
2.252000000000000000e+04 7.546569824218750000e+00
2.254000000000000000e+04 7.409714221954345703e+00
2.256000000000000000e+04 7.463243007659912109e+00
2.258000000000000000e+04 7.492930889129638672e+00
2.260000000000000000e+04 7.477593898773193359e+00
2.262000000000000000e+04 7.300589084625244141e+00
2.264000000000000000e+04 7.391807079315185547e+00
2.266000000000000000e+04 7.336788177490234375e+00
2.268000000000000000e+04 7.366651058197021484e+00
2.270000000000000000e+04 7.350574016571044922e+00
2.272000000000000000e+04 7.299821853637695312e+00
2.274000000000000000e+04 7.255055904388427734e+00
2.276000000000000000e+04 7.290438175201416016e+00
2.278000000000000000e+04 7.277380943298339844e+00
2.280000000000000000e+04 7.234086990356445312e+00
2.282000000000000000e+04 6.916335105895996094e+00
2.284000000000000000e+04 7.153233051300048828e+00
2.286000000000000000e+04 7.119959831237792969e+00
2.288000000000000000e+04 7.141174793243408203e+00
2.290000000000000000e+04 7.124009132385253906e+00
2.292000000000000000e+04 7.089127063751220703e+00
2.294000000000000000e+04 6.839078903198242188e+00
2.296000000000000000e+04 6.892733097076416016e+00
2.298000000000000000e+04 6.879396915435791016e+00
2.300000000000000000e+04 6.915575027465820312e+00
2.302000000000000000e+04 6.930193901062011719e+00
2.304000000000000000e+04 6.918959140777587891e+00
2.306000000000000000e+04 6.905086994171142578e+00
2.308000000000000000e+04 6.889011859893798828e+00
2.310000000000000000e+04 6.848699092864990234e+00
2.312000000000000000e+04 6.840815067291259766e+00
2.314000000000000000e+04 6.838899135589599609e+00
2.316000000000000000e+04 6.744756221771240234e+00
2.318000000000000000e+04 6.681327819824218750e+00
2.320000000000000000e+04 6.755138874053955078e+00
2.322000000000000000e+04 6.609423160552978516e+00
2.324000000000000000e+04 6.471087932586669922e+00
2.326000000000000000e+04 6.468368053436279297e+00
2.328000000000000000e+04 6.589564800262451172e+00
2.330000000000000000e+04 6.604533195495605469e+00
2.332000000000000000e+04 6.527567863464355469e+00
2.334000000000000000e+04 6.562234878540039062e+00
2.336000000000000000e+04 6.470884799957275391e+00
2.338000000000000000e+04 6.444324970245361328e+00
2.340000000000000000e+04 6.525742053985595703e+00
2.342000000000000000e+04 6.515161991119384766e+00
2.344000000000000000e+04 6.499184131622314453e+00
2.346000000000000000e+04 6.461030006408691406e+00
2.348000000000000000e+04 6.461789131164550781e+00
2.350000000000000000e+04 6.450948238372802734e+00
2.352000000000000000e+04 6.186943054199218750e+00
2.354000000000000000e+04 6.165344238281250000e+00
2.356000000000000000e+04 6.271039962768554688e+00
2.358000000000000000e+04 6.180925846099853516e+00
2.360000000000000000e+04 6.260481834411621094e+00
2.362000000000000000e+04 6.283697128295898438e+00
2.364000000000000000e+04 6.253308773040771484e+00
2.366000000000000000e+04 6.243799209594726562e+00
2.368000000000000000e+04 6.232675075531005859e+00
2.370000000000000000e+04 6.154332160949707031e+00
2.372000000000000000e+04 6.183487892150878906e+00
2.374000000000000000e+04 5.954613208770751953e+00
2.376000000000000000e+04 6.139264106750488281e+00
2.378000000000000000e+04 6.173411846160888672e+00
2.380000000000000000e+04 6.141696929931640625e+00
2.382000000000000000e+04 6.065281867980957031e+00
2.384000000000000000e+04 5.751458168029785156e+00
2.386000000000000000e+04 5.758801937103271484e+00
2.388000000000000000e+04 5.963880062103271484e+00
2.390000000000000000e+04 5.976233005523681641e+00
2.392000000000000000e+04 5.944046020507812500e+00
2.394000000000000000e+04 5.945261001586914062e+00
2.396000000000000000e+04 5.925429821014404297e+00
2.398000000000000000e+04 5.956749916076660156e+00
2.400000000000000000e+04 5.867729187011718750e+00
2.402000000000000000e+04 5.916553020477294922e+00
2.404000000000000000e+04 5.894377231597900391e+00
2.406000000000000000e+04 5.867162227630615234e+00
2.408000000000000000e+04 5.855766773223876953e+00
2.410000000000000000e+04 5.847336769104003906e+00
2.412000000000000000e+04 5.843752861022949219e+00
2.414000000000000000e+04 5.593778133392333984e+00
2.416000000000000000e+04 5.434239864349365234e+00
2.418000000000000000e+04 5.709578037261962891e+00
2.420000000000000000e+04 5.673696994781494141e+00
2.422000000000000000e+04 5.692430973052978516e+00
2.424000000000000000e+04 5.649125099182128906e+00
2.426000000000000000e+04 5.644865989685058594e+00
2.428000000000000000e+04 5.638613224029541016e+00
2.430000000000000000e+04 5.661161899566650391e+00
2.432000000000000000e+04 5.629043102264404297e+00
2.434000000000000000e+04 5.582339763641357422e+00
2.436000000000000000e+04 5.525257110595703125e+00
2.438000000000000000e+04 5.521800041198730469e+00
2.440000000000000000e+04 5.580002784729003906e+00
2.442000000000000000e+04 5.557671070098876953e+00
2.444000000000000000e+04 5.542601108551025391e+00
2.446000000000000000e+04 5.417651176452636719e+00
2.448000000000000000e+04 5.366827011108398438e+00
2.450000000000000000e+04 5.351323127746582031e+00
2.452000000000000000e+04 5.344523906707763672e+00
2.454000000000000000e+04 5.404881954193115234e+00
2.456000000000000000e+04 5.307820796966552734e+00
2.458000000000000000e+04 5.242171764373779297e+00
2.460000000000000000e+04 5.393798828125000000e+00
2.462000000000000000e+04 5.375060081481933594e+00
2.464000000000000000e+04 5.371799945831298828e+00
2.466000000000000000e+04 5.343614101409912109e+00
2.468000000000000000e+04 5.337766170501708984e+00
2.470000000000000000e+04 5.169590950012207031e+00
2.472000000000000000e+04 5.315050125122070312e+00
2.474000000000000000e+04 5.207941055297851562e+00
2.476000000000000000e+04 5.281967163085937500e+00
2.478000000000000000e+04 5.242603778839111328e+00
2.480000000000000000e+04 5.024641990661621094e+00
2.482000000000000000e+04 5.025888919830322266e+00
2.484000000000000000e+04 5.191023826599121094e+00
2.486000000000000000e+04 5.001423835754394531e+00
2.488000000000000000e+04 5.154564857482910156e+00
2.490000000000000000e+04 5.153316020965576172e+00
2.492000000000000000e+04 5.136147022247314453e+00
2.494000000000000000e+04 5.078344821929931641e+00
2.496000000000000000e+04 5.094283103942871094e+00
2.498000000000000000e+04 5.074542999267578125e+00
2.500000000000000000e+04 5.090984821319580078e+00
